4294967278,601
4294967278,633
4294967278,106
4294967278,94
4294967278,91
4294967278,89
4294967278,87
4294967278,86
4294967278,84
4294967278,79
4294967278,72
4294967278,70
4294967278,69
4294967278,67
4294967279,76
4294967279,70
4294967279,62
4294967279,55
4294967279,43
4294967279,32
4294967279,23
4294967279,18
4294967279,260
4294967279,417
4294967294,1153
4294967294,1437
4294967294,113
4294967294,1635
4294967294,479
4294967294,473
4294967294,1652
4294967294,489
4294967294,1152
4294967278,420
4294967279,250
4294967278,632
4294967278,357
4294967278,588
4294967279,469
496,7
4294967278,113
4294967278,105
4294967279,236
4294967279,230
4294967279,226
496,6
496,5
496,4
496,3
496,2
496,1
4294967294,1432
4294967294,40
4294967279,507
4294967279,235
4294967278,103
4294967279,306
4294967279,208
4294967279,210
4294967278,353
4294967278,92
4294967278,90
4294967279,203
4294967278,201
4294967279,202
4294967279,201
4294967279,197
4294967278,442
4294967294,913
4294967294,975
4294967279,191
492,6
4294967278,185
4294967278,183
4294967279,183
4294967278,179
4294967278,181
492,5
492,4
4294967278,180
492,3
492,2
492,1
4294967278,438
4294967279,179
4294967279,175
490,4
490,3
490,2
490,1
4294967278,584
4294967294,1455
4294967294,29
4294967294,1406
4294967278,352
4294967279,167
4294967279,162
489,5
489,4
489,3
489,2
489,1
4294967278,159
4294967279,160
4294967279,158
4294967278,351
4294967279,153
487,5
487,4
487,3
487,2
487,1
485,6
485,5
485,4
485,3
485,2
485,1
4294967278,546
4294967279,133
484,4
484,3
484,2
484,1
4294967278,349
4294967294,962
4294967294,979
4294967294,917
483,5
483,4
483,3
483,2
483,1
4294967278,319
482,5
482,4
482,3
482,2
482,1
4294967279,302
481,4
481,3
481,2
481,1
4294967294,1442
4294967294,467
4294967294,109
4294967279,445
4294967278,347
4294967279,253
4294967278,628
4294967279,71
4294967279,242
4294967294,99
4294967294,76
4294967278,585
4294967278,583
4294967279,383
4294967279,474
4294967279,465
4294967294,42
4294967294,43
4294967294,1443
4294967279,429
4294967278,444
4294967279,354
480,7
4294967294,45
480,6
480,5
480,4
480,2
480,1
4294967278,346
4294967279,501
4294967279,198
4294967294,1136
4294967294,53
4294967294,92
4294967294,90
4294967294,87
4294967294,86
4294967294,84
4294967278,345
4294967278,344
4294967278,539
4294967278,0
4294967278,343
4294967278,556
4294967294,1417
4294967294,82
4294967279,405
4294967279,184
4294967278,342
4294967278,172
476,6
4294967279,426
4294967279,0
4294967279,434
4294967294,508
4294967294,475
4294967294,506
4294967294,1632
476,5
476,4
476,2
476,1
474,4
474,3
474,2
474,1
4294967278,155
4294967278,154
4294967278,341
4294967278,578
4294967279,40
4294967278,596
4294967279,410
473,5
4294967279,146
473,4
4294967278,145
473,3
473,2
473,1
4294967279,141
4294967278,140
4294967294,5
4294967294,50
4294967279,274
4294967278,580
4294967278,136
4294967278,135
4294967278,273
471,5
4294967279,307
471,4
471,3
471,2
471,1
4294967279,288
4294967278,270
4294967278,268
4294967279,268
4294967278,340
469,6
4294967278,263
4294967279,283
4294967278,602
469,5
4294967278,262
469,4
469,3
469,2
469,1
4294967278,259
4294967278,258
4294967279,276
468,4
468,3
468,2
468,1
4294967278,422
4294967279,331
4294967279,504
467,5
4294967279,327
467,4
467,3
467,2
467,1
4294967279,249
4294967294,1659
4294967294,1113
466,5
4294967279,248
466,4
466,3
466,2
466,1
4294967279,244
4294967294,773
4294967294,1706
4294967279,240
465,4
465,3
465,2
465,1
4294967279,423
4294967279,237
4294967278,622
4294967279,233
4294967278,626
4294967279,503
4294967278,576
4294967279,448
4294967294,991
4294967294,987
4294967279,413
4294967278,625
4294967278,354
4294967294,952
4294967294,1434
4294967294,1162
4294967294,116
4294967294,119
4294967294,1634
4294967278,203
4294967278,627
4294967278,260
4294967279,359
4294967279,502
4294967279,88
4294967279,2
4294967279,421
4294967278,335
4294967278,348
4294967279,301
464,7
464,6
464,5
464,4
4294967279,187
464,2
464,1
4294967279,180
4294967278,173
4294967278,529
4294967278,174
4294967279,368
4294967278,165
4294967278,164
4294967278,624
4294967279,499
4294967279,420
460,6
460,5
460,4
460,2
460,1
4294967278,338
4294967278,141
458,4
458,3
458,2
458,1
4294967278,139
4294967278,337
4294967294,965
457,5
457,4
457,3
457,2
457,1
4294967279,282
4294967278,261
4294967279,259
455,5
455,4
455,3
455,2
455,1
4294967294,1418
4294967279,221
453,6
453,5
4294967294,6
453,4
453,3
453,2
453,1
4294967278,242
452,4
452,3
452,2
452,1
4294967279,468
4294967278,577
4294967278,612
451,5
4294967294,89
451,4
451,3
451,2
451,1
450,5
450,4
450,3
450,2
450,1
4294967279,213
449,4
4294967279,212
449,3
449,2
449,1
4294967278,443
4294967278,336
4294967278,621
4294967278,306
4294967279,396
4294967279,406
4294967294,794
4294967279,416
4294967279,466
4294967294,30
4294967294,1053
4294967294,1052
4294967294,1050
4294967294,1049
4294967294,1044
4294967294,1033
4294967294,1030
4294967294,1028
4294967294,1027
4294967294,1026
4294967294,946
4294967294,60
4294967294,12
4294967294,1367
4294967294,81
4294967279,415
4294967279,476
4294967279,185
4294967278,334
4294967279,500
4294967279,181
4294967294,22
4294967279,414
4294967294,1660
4294967278,178
4294967279,488
4294967278,534
4294967278,423
4294967279,483
4294967279,102
4294967279,101
4294967279,178
4294967279,100
4294967279,99
4294967279,98
4294967279,96
4294967279,95
4294967279,94
4294967279,93
4294967279,92
4294967279,91
4294967279,90
4294967279,215
4294967279,89
4294967279,87
4294967279,86
4294967279,84
4294967279,83
448,7
4294967294,986
4294967294,974
4294967294,38
4294967279,176
4294967278,599
4294967279,172
4294967278,166
448,6
448,5
448,4
448,2
448,1
4294967279,168
4294967279,443
4294967279,442
4294967279,480
4294967294,393
4294967294,46
4294967294,36
4294967278,597
4294967279,373
4294967278,150
4294967278,148
4294967279,148
4294967278,146
4294967278,143
4294967278,142
4294967279,142
4294967278,615
4294967278,138
4294967278,333
444,6
4294967279,365
4294967279,135
4294967278,133
4294967279,273
4294967278,284
4294967278,269
444,5
444,4
444,2
444,1
4294967278,332
4294967279,270
4294967278,267
4294967278,264
442,4
442,3
442,2
442,1
4294967279,263
4294967279,262
4294967294,1421
4294967294,507
4294967294,476
4294967278,257
4294967278,551
4294967279,255
4294967278,526
441,5
441,4
441,3
441,2
441,1
4294967279,412
4294967279,411
439,5
439,4
439,3
439,2
439,1
4294967279,449
4294967294,961
4294967294,985
4294967278,331
437,6
437,5
437,4
437,3
437,2
437,1
436,4
436,3
436,2
436,1
4294967279,491
4294967279,496
4294967278,247
4294967279,495
4294967279,325
435,5
435,4
435,3
435,2
435,1
4294967278,619
434,5
434,4
434,3
434,2
434,1
4294967279,409
433,4
433,3
433,2
433,1
4294967279,408
4294967279,490
4294967278,378
4294967294,963
4294967278,618
4294967279,404
4294967278,355
4294967279,97
4294967279,85
4294967278,167
4294967294,924
4294967294,1669
4294967294,1644
4294967294,1656
4294967294,1650
4294967294,111
4294967278,330
432,7
4294967294,1415
432,6
0,7
4294967279,151
432,5
432,4
4294967279,150
432,2
432,1
4294967278,329
4294967279,459
4294967278,427
4294967278,371
4294967278,327
428,6
4294967279,418
4294967279,401
4294967279,332
4294967279,329
428,5
428,4
4294967279,333
428,2
